0 0.146306
1 0.000003
2 0.000000
3 0.000002
4 0.000000
5 0.000002
6 0.000000
7 0.000170
8 0.000000
9 0.000016
10 0.000000
11 0.000000
12 0.000000
13 0.000002
14 0.000001
15 0.000000
16 0.000000
17 0.000000
18 0.000000
19 0.000005
20 0.000001
21 0.000938
22 0.000001
23 0.000007
24 0.000000
25 0.000054
26 0.000019
27 0.000000
28 0.000000
29 0.000001
30 0.000001
31 0.000005
32 0.000000
33 0.000000
34 0.003602
35 0.000000
36 0.000000
37 0.000000
38 0.000001
39 0.000001
40 0.000014
41 0.000005
42 0.000000
43 0.000000
44 0.000000
45 0.000000
46 0.000000
47 0.000000
48 0.000005
49 0.000000
50 0.000001
51 0.000000
52 0.000000
53 0.000011
54 0.000000
55 0.000000
56 0.001085
57 0.000002
58 0.084360
59 0.000001
60 0.000000
61 0.000000
62 0.000003
63 0.000000
64 0.000013
65 0.000001
66 0.000000
67 0.000912
68 0.000000
69 0.000000
70 0.000000
71 0.000000
72 0.000002
73 0.000001
74 0.000000
75 0.000000
76 0.000000
77 0.000000
78 0.000000
79 0.000000
80 0.000160
81 0.000000
82 0.000007
83 0.000000
84 0.000001
85 0.000001
86 0.000000
87 0.000046
88 0.000005
89 0.000000
90 0.000000
91 0.000000
92 0.000001
93 0.000000
94 0.000002
95 0.000000
96 0.000001
97 0.000000
98 0.000007
99 0.000001
100 0.000001
101 0.000001
102 0.000000
103 0.000094
104 0.000003
105 0.000000
106 0.000000
107 0.480518
108 0.000000
109 0.000006
110 0.000000
111 0.000002
112 0.000000
113 0.000005
114 0.000000
115 0.000003
116 0.000001
117 0.000000
118 0.000006
119 0.001523
120 0.000045
121 0.000001
122 0.000746
123 0.000000
124 0.000000
125 0.000008
126 0.000000
127 0.000001
128 0.000002
129 0.000000
130 0.000003
131 0.000000
132 0.000002
133 0.000002
134 0.000001
135 0.000000
136 0.026870
137 0.000002
138 0.000000
139 0.000000
140 0.000000
141 0.000003
142 0.000005
143 0.000001
144 0.000001
145 0.000000
146 0.000141
147 0.000000
148 0.000002
149 0.000000
150 0.000095
151 0.000000
152 0.000000
153 0.000000
154 0.000000
155 0.000000
156 0.000165
157 0.000000
158 0.000005
159 0.000001
160 0.000000
161 0.000002
162 0.000000
163 0.000025
164 0.000000
165 0.000000
166 0.000000
167 0.000000
168 0.000000
169 0.000402
170 0.000012
171 0.015492
172 0.000008
173 0.003631
174 0.000000
175 0.000003
176 0.000000
177 0.000000
178 0.000001
179 0.000000
180 0.000001
181 0.000000
182 0.000000
183 0.000000
184 0.000001
185 0.000003
186 0.000008
187 0.000000
188 0.000010
189 0.000013
190 0.000000
191 0.000000
192 0.000000
193 0.000000
194 0.000000
195 0.000000
196 0.000001
197 0.000001
198 0.001663
199 0.000009
200 0.000014
201 0.000000
202 0.000008
203 0.000016
204 0.000003
205 0.000000
206 0.000000
207 0.000000
208 0.000000
209 0.000000
210 0.000000
211 0.000002
212 0.000001
213 0.000468
214 0.000002
215 0.000000
216 0.000000
217 0.000032
218 0.000000
219 0.000000
220 0.000000
221 0.000000
222 0.000001
223 0.000001
224 0.000003
225 0.000000
226 0.000000
227 0.000002
228 0.000000
229 0.000000
230 0.000002
231 0.000003
232 0.000001
233 0.000000
234 0.000000
235 0.000000
236 0.000008
237 0.000000
238 0.000002
239 0.000018
240 0.000000
241 0.000000
242 0.000003
243 0.000000
244 0.000000
245 0.000000
246 0.000038
247 0.000000
248 0.000002
249 0.000003
250 0.000000
251 0.000000
252 0.000020
253 0.000000
254 0.000000
255 0.000000
256 0.000000
257 0.000002
258 0.000001
259 0.000000
260 0.000001
261 0.000007
262 0.000000
263 0.000000
264 0.000000
265 0.000002
266 0.000000
267 0.000000
268 0.000000
269 0.000102
270 0.000000
271 0.000027
272 0.000019
273 0.000000
274 0.000001
275 0.000000
276 0.000000
277 0.000039
278 0.000000
279 0.000000
280 0.000010
281 0.000001
282 0.000000
283 0.000000
284 0.000001
285 0.000499
286 0.000000
287 0.000000
288 0.000000
289 0.000000
290 0.000000
291 0.000009
292 0.000000
293 0.000000
294 0.000000
295 0.000000
296 0.000000
297 0.000001
298 0.000000
299 0.000002
300 0.000000
301 0.000000
302 0.000001
303 0.000002
304 0.000589
305 0.000000
306 0.000000
307 0.000000
308 0.000178
309 0.000000
310 0.000001
311 0.000000
312 0.000006
313 0.000008
314 0.000001
315 0.000657
316 0.000000
317 0.000000
318 0.000000
319 0.000000
320 0.000004
321 0.000000
322 0.000964
323 0.000008
324 0.000357
325 0.000004
326 0.000001
327 0.000000
328 0.000000
329 0.000014
330 0.000000
331 0.000002
332 0.000012
333 0.000000
334 0.000004
335 0.000000
336 0.000000
337 0.000000
338 0.000000
339 0.000328
340 0.000000
341 0.000000
342 0.000004
343 0.000001
344 0.000000
345 0.000001
346 0.000006
347 0.000000
348 0.037998
414 0.047633
428 0.064309
1684 0.337797
1912 0.229295
2814 0.000000
2838 0.000000
2885 0.000000
3003 0.000000
3173 0.000780
3290 0.000000
353 0.002141
363 0.001453
366 0.001176
376 0.006196
389 0.001816
420 0.000699
475 0.004998
483 0.010308
484 0.002898
517 0.001673
526 0.001795
538 0.001285
563 0.062780
566 0.001787
580 0.001441
596 0.001916
601 0.000427
606 0.000997
629 0.000066
637 0.001518
641 0.000535
649 0.000055
651 0.001592
896 0.000089
897 0.000017
898 0.000001
899 0.000000
900 0.000002
901 0.000001
902 0.000001
903 0.000001
904 0.000000
905 0.000003
906 0.000011
907 0.000002
908 0.000385
909 0.000001
910 0.000000
911 0.000000
912 0.000001
913 0.000026
914 0.000001
915 0.000098
916 0.000716
917 0.000306
918 0.000000
919 0.000002
920 0.000001
921 0.000382
922 0.000004
923 0.000001
924 0.000013
925 0.000756
926 0.000001
927 0.000023
928 0.000000
929 0.000000
930 0.000134
931 0.000002
932 0.000008
933 0.000004
934 0.000008
935 0.000000
936 0.000004
937 0.000000
938 0.000001
939 0.000002
940 0.000001
941 0.000014
942 0.000010
943 0.000001
944 0.000004
945 0.000000
946 0.000085
947 0.000019
948 0.000005
949 0.000002
950 0.000000
951 0.000108
952 0.000002
953 0.000042
954 0.000012
955 0.000000
956 0.000000
957 0.000010
958 0.000000
959 0.000002
960 0.000020
961 0.000006
962 0.000088
963 0.000005
964 0.000004
965 0.000000
966 0.000009
967 0.000039
968 0.000034
969 0.000001
970 0.000000
971 0.000002
972 0.000000
973 0.000010
974 0.000000
975 0.000003
976 0.000002
977 0.000003
978 0.000023
979 0.000000
980 0.000030
981 0.000001
982 0.000014
983 0.000002
984 0.000002
985 0.000000
986 0.000000
987 0.000001
988 0.000001
989 0.000002
990 0.001112
991 0.000012
992 0.000001
993 0.000043
994 0.000007
995 0.000037
996 0.000000
997 0.000008
998 0.000000
999 0.000005
1000 0.000002
1001 0.000022
1002 0.000000
1003 0.000019
1004 0.000011
1005 0.000000
1006 0.000027
1007 0.000002
1008 0.000003
1009 0.000006
1010 0.000017
1011 0.000007
1012 0.000014
1013 0.000113
1014 0.000052
1015 0.000001
1016 0.000000
1017 0.000032
1018 0.000007
1019 0.000010
1020 0.000010
1021 0.000009
1022 0.000000
1023 0.000001
1024 0.000012
1025 0.000064
1026 0.000012
1027 0.000000
1028 0.000241
1029 0.000631
1030 0.000001
1031 0.000000
1032 0.000032
1033 0.000001
1034 0.000000
1035 0.000005
1036 0.000002
1037 0.000010
1038 0.000000
1039 0.000000
1040 0.000004
1041 0.000017
1042 0.000001
1043 0.000001
1044 0.000000
1045 0.000001
1046 0.000000
1047 0.000007
1048 0.000036
1049 0.000044
1050 0.000001
1051 0.000010
1052 0.000039
1053 0.000001
1054 0.000008
1055 0.000001
1056 0.000008
1057 0.000000
1058 0.000001
1059 0.000032
1060 0.000009
1061 0.000000
1062 0.000005
1063 0.000000
1064 0.000007
1065 0.000000
1066 0.000018
1067 0.000013
1068 0.000007
1069 0.000000
1070 0.000533
1071 0.000000
1072 0.000002
1073 0.000001
1074 0.000708
1075 0.000040
1076 0.000022
1077 0.000155
1078 0.000049
1079 0.000010
1080 0.000039
1081 0.000001
1082 0.000003
1083 0.000012
1084 0.000000
1085 0.149015
1086 0.000604
1087 0.000001
1088 0.000129
1089 0.000001
1090 0.000001
1091 0.000002
1092 0.000004
1093 0.000000
1094 0.000001
1095 0.000008
1096 0.000000
1097 0.000001
1098 0.000534
1099 0.000004
1100 0.000004
1101 0.000017
1102 0.000004
1103 0.000001
1104 0.000071
1105 0.000000
1106 0.000008
1107 0.000020
1108 0.000002
1109 0.000206
1110 0.000036
1111 0.000000
1112 0.000002
1113 0.000008
1114 0.000085
1115 0.000001
1116 0.000001
1117 0.000018
1118 0.000001
1119 0.000000
1120 0.000007
1121 0.000003
1122 0.000017
1123 0.000014
1124 0.000042
1125 0.000010
1126 0.000917
1127 0.000003
1128 0.000101
1129 0.000010
1130 0.000006
1131 0.000005
1132 0.000018
1133 0.000000
1134 0.000001
1135 0.000010
1136 0.000521
1137 0.000001
1138 0.000002
1139 0.000001
1140 0.000001
1141 0.000001
1142 0.000003
1143 0.000002
1144 0.000001
1145 0.000000
1146 0.000059
1147 0.000000
1148 0.000031
1149 0.000011
1150 0.000002
1151 0.000001
1152 0.000001
1153 0.000015
1154 0.000001
1155 0.000038
1156 0.000010
1157 0.000000
1158 0.000021
1159 0.000021
1160 0.000028
1161 0.000005
1162 0.000000
1163 0.000006
1164 0.000000
1165 0.003161
1166 0.000023
1167 0.000002
1168 0.000000
1169 0.000003
1170 0.000014
1171 0.002512
1172 0.000013
1173 0.000942
1174 0.000001
1175 0.000053
1176 0.000000
1177 0.000003
1178 0.000293
1179 0.000058
1180 0.000002
1181 0.000004
1182 0.000211
1183 0.000007
1184 0.000027
1185 0.000019
1186 0.000000
1187 0.000049
1188 0.000002
1189 0.000020
1190 0.000002
1191 0.000021
1192 0.000049
1193 0.000538
1194 0.000000
1195 0.000003
1196 0.000056
1197 0.000162
1198 0.000002
1199 0.000068
1200 0.000000
1201 0.000002
1202 0.000002
1203 0.000000
1204 0.000062
1205 0.000009
1206 0.000000
1207 0.000005
1208 0.000000
1209 0.000009
1210 0.000082
1211 0.000037
1212 0.000004
1213 0.000002
1214 0.000030
1215 0.000010
1216 0.000001
1217 0.000243
1218 0.000001
1219 0.000003
1220 0.000000
1221 0.000052
1222 0.000045
1223 0.000009
1224 0.000000
1225 0.000003
1226 0.000194
1227 0.000018
1228 0.000002
1229 0.000008
1230 0.000014
1231 0.000013
1232 0.000001
1233 0.000000
1234 0.000001
1235 0.000052
1236 0.000010
1237 0.000185
1238 0.000083
1239 0.000000
1240 0.000003
1241 0.000002
1242 0.000012
1243 0.000017
1244 0.000001
1245 0.000006
1246 0.000013
1247 0.000006
1248 0.000001
1249 0.000000
1250 0.000028
1251 0.000000
1252 0.000000
1253 0.000000
1254 0.000000
1255 0.000040
1256 0.000022
1257 0.000003
1258 0.000010
1259 0.000015
1260 0.000003
1261 0.000015
1262 0.000000
1263 0.000000
1264 0.000000
1265 0.000004
1266 0.000002
1267 0.000008
1268 0.000005
1269 0.000015
1270 0.000000
1271 0.000006
1272 0.000025
1273 0.000029
1274 0.000234
1275 0.000021
1276 0.000000
1277 0.000089
1278 0.000005
1279 0.000001
1280 0.000009
1281 0.000004
1282 0.000013
1283 0.000025
1284 0.000018
1285 0.000002
1286 0.000001
1287 0.000001
1288 0.000006
1289 0.000594
1290 0.000014
1291 0.000009
1292 0.000003
1293 0.000001
1294 0.000003
1295 0.000000
1296 0.000006
1297 0.000000
1298 0.000005
1299 0.000002
1300 0.000036
1301 0.000000
1302 0.000007
1303 0.000009
1304 0.000010
1305 0.000045
1306 0.000003
1307 0.000144
1308 0.000002
1309 0.000004
1310 0.000001
1311 0.000013
1312 0.000275
1313 0.000044
1314 0.000004
1315 0.000001
1316 0.000001
1317 0.000686
1318 0.000005
1319 0.000000
1320 0.000115
1321 0.000003
1322 0.000029
1323 0.000004
1324 0.000006
1325 0.000001
1326 0.000000
1327 0.000183
1328 0.000103
1329 0.000063
1330 0.000023
1331 0.000026
1332 0.000016
1333 0.000001
1334 0.000535
1335 0.000013
1336 0.000001
1337 0.000019
1338 0.000436
1339 0.000013
1340 0.000002
1341 0.000013
1342 0.000001
1343 0.000041
1344 0.000013
1345 0.000028
1346 0.000000
1347 0.000016
1348 0.000007
1349 0.000016
1350 0.000006
1351 0.000002
1352 0.001111
1353 0.000000
1354 0.000000
1355 0.000003
1356 0.000002
1357 0.000026
1358 0.000191
1359 0.000009
1360 0.000276
1361 0.001998
1362 0.000000
1363 0.000000
1364 0.000001
1365 0.000001
1366 0.000030
1367 0.000049
1368 0.000000
1369 0.000302
1370 0.000009
1371 0.000019
1372 0.000000
1373 0.000036
1374 0.000066
1375 0.000004
1376 0.000791
1377 0.000075
1378 0.000001
1379 0.000001
1380 0.000004
1381 0.000000
1382 0.000001
1383 0.000000
1384 0.000007
1385 0.000004
1386 0.000000
1387 0.000002
1388 0.000005
1389 0.000001
1390 0.000050
1391 0.000041
1392 0.000007
1393 0.000017
1394 0.000000
1395 0.000000
1396 0.000003
1397 0.000002
1398 0.000002
1399 0.000047
1400 0.000001
1401 0.000001
1402 0.000004
1403 0.000000
1404 0.000005
1405 0.004097
1406 0.000004
1407 0.000005
1408 0.000110
1409 0.000029
1410 0.000051
1411 0.000002
1412 0.000010
1413 0.000005
1414 0.000000
1415 0.000007
1416 0.000016
1417 0.000000
1418 0.000003
1419 0.001429
1420 0.006057
1421 0.000064
1422 0.000003
1423 0.000009
1424 0.000004
1425 0.000137
1426 0.000005
1427 0.000051
1428 0.000011
1429 0.000015
1430 0.000000
1431 0.000154
1432 0.000004
1433 0.000001
1434 0.000002
1435 0.000093
1436 0.000014
1437 0.000021
1438 0.000000
1439 0.000000
1440 0.000096
1441 0.000003
1442 0.000000
1443 0.000000
1444 0.000009
1445 0.000003
1446 0.000066
1447 0.000037
1448 0.000010
1449 0.000016
1450 0.000668
1451 0.000004
1452 0.000002
1453 0.000010
1454 0.000005
1455 0.000000
1456 0.000016
1457 0.000002
1458 0.000116
1459 0.000030
1460 0.000027
1461 0.000001
1462 0.000008
1463 0.000000
1464 0.000003
1465 0.024572
1466 0.000000
1467 0.000052
1468 0.000001
1469 0.000035
1470 0.000009
1471 0.000054
1472 0.000079
1473 0.000065
1474 0.000000
1475 0.000046
1476 0.000000
1477 0.000004
1478 0.000001
1479 0.000016
1480 0.000073
1481 0.000001
1482 0.000009
1483 0.000630
1484 0.000001
1485 0.000135
1486 0.000000
1487 0.000077
1488 0.000023
1489 0.000000
1490 0.000000
1491 0.000012
1492 0.000004
1493 0.000000
1494 0.000098
1495 0.000014
1496 0.000015
1497 0.000009
1498 0.000000
1499 0.000001
1500 0.000003
1501 0.000002
1502 0.000018
1503 0.000002
1504 0.000014
1505 0.003782
1506 0.000000
1507 0.000008
1508 0.000003
1509 0.000508
1510 0.000000
1511 0.000148
1512 0.000054
1513 0.000214
1514 0.000007
1515 0.000026
1516 0.000017
1517 0.000001
1518 0.000275
1519 0.000020
1520 0.000019
1521 0.000000
1522 0.000631
1523 0.000264
1524 0.000001
1525 0.000016
1526 0.000003
1527 0.000003
1528 0.000055
1529 0.000036
1530 0.000005
1531 0.000008
1532 0.000001
1533 0.000006
1534 0.005948
1535 0.000005
1536 0.000680
1537 0.000458
1538 0.000008
1539 0.000004
1540 0.000422
1541 0.000003
1542 0.000003
1543 0.000012
1544 0.000005
1545 0.000205
1546 0.000000
1547 0.000009
1548 0.000009
1549 0.000240
1550 0.000001
1551 0.000033
1552 0.000002
1553 0.000755
1554 0.000032
1555 0.000274
1556 0.000001
1557 0.000037
1558 0.000000
1559 0.000053
1560 0.000000
1561 0.000015
1562 0.000001
1563 0.000015
1564 0.000003
1565 0.000007
1566 0.000004
1567 0.000072
1568 0.000000
1569 0.000023
1570 0.000020
1571 0.000009
1572 0.000001
1573 0.000028
1574 0.000266
1575 0.000003
1576 0.000011
1577 0.039785
1578 0.000003
1579 0.000000
1580 0.000006
1581 0.000000
1582 0.000002
1583 0.000023
1584 0.000264
1585 0.000006
1586 0.000000
1587 0.000002
1588 0.000053
1589 0.000049
1590 0.000326
1591 0.000059
1592 0.000000
1593 0.000553
1594 0.000004
1595 0.000005
1596 0.000010
1597 0.000014
1598 0.000072
1599 0.000001
1600 0.000023
1601 0.000001
1602 0.000000
1603 0.000015
1604 0.000097
1605 0.000008
1606 0.000001
1607 0.000000
1608 0.000014
1609 0.000015
1610 0.000038
1611 0.000030
1612 0.000085
1613 0.000041
1614 0.000018
1615 0.000002
1616 0.000011
1617 0.000448
1618 0.000163
1619 0.000011
1620 0.000117
1621 0.000862
1622 0.000086
1623 0.000007
1624 0.000005
1625 0.000001
1626 0.000129
1627 0.000000
1628 0.000019
1629 0.000001
1630 0.000063
1631 0.000000
1632 0.000006
1633 0.000002
1634 0.000006
1635 0.000002
1636 0.000010
1637 0.000039
1638 0.000003
1639 0.000024
1640 0.000000
1641 0.000003
1642 0.001682
1643 0.000006
1644 0.000013
1645 0.000015
1646 0.000003
1647 0.000005
1648 0.000000
1649 0.000003
1650 0.000010
1651 0.000000
1652 0.000005
1653 0.000003
1654 0.000001
1655 0.000003
1656 0.001505
1657 0.000000
1658 0.000004
1659 0.000004
1660 0.000007
1661 0.000025
1662 0.000019
1663 0.001100
1664 0.000000
1665 0.000013
1666 0.006175
1667 0.000006
1668 0.000010
1669 0.000015
1670 0.000003
1671 0.000016
1672 0.000003
1673 0.000009
1674 0.000042
1675 0.000028
1676 0.000001
1677 0.000006
1678 0.000012
1679 0.000003
1680 0.000034
1681 0.000003
1682 0.000008
1683 0.000036
1685 0.000012
1686 0.000007
1687 0.000907
1688 0.000550
1689 0.000012
1690 0.000000
1691 0.000004
1692 0.000105
1693 0.000000
1694 0.000033
1695 0.000002
1696 0.000002
1697 0.000023
1698 0.000001
1699 0.000018
1700 0.000001
1701 0.000001
1702 0.000416
1703 0.000038
1704 0.000002
1705 0.000057
1706 0.000007
1707 0.000036
1708 0.000000
1709 0.000032
1710 0.000001
1711 0.000000
1712 0.000009
1713 0.000000
1714 0.000035
1715 0.000006
1716 0.000008
1717 0.000024
1718 0.037343
1719 0.000013
1720 0.000024
1721 0.000010
1722 0.000009
1723 0.000001
1724 0.000011
1725 0.000031
1726 0.000868
1727 0.000011
1728 0.000001
1729 0.000028
1730 0.000137
1731 0.000000
1732 0.000006
1733 0.000002
1734 0.000003
1735 0.000009
1736 0.000026
1737 0.000003
1738 0.000003
1739 0.000001
1740 0.000052
1741 0.000013
1742 0.000018
1743 0.000006
1744 0.000012
1745 0.000086
1746 0.000070
1747 0.000001
1748 0.000000
1749 0.000001
1750 0.000018
1751 0.000003
1752 0.000010
1753 0.000005
1754 0.000008
1755 0.000000
1756 0.000000
1757 0.000016
1758 0.001307
1759 0.000000
1760 0.000000
1761 0.000079
1762 0.000000
1763 0.000002
1764 0.000001
1765 0.000017
1766 0.000003
1767 0.000014
1768 0.000112
1769 0.000064
1770 0.000018
1771 0.000000
1772 0.000004
1773 0.000001
1774 0.000007
1775 0.000000
1776 0.000000
1777 0.000000
1778 0.000071
1779 0.000009
1780 0.000064
1781 0.000006
1782 0.000216
1783 0.000189
1784 0.000000
1785 0.000009
1786 0.000041
1787 0.000010
1788 0.000000
1789 0.000010
1790 0.000028
1791 0.000035
1792 0.000001
1793 0.000018
1794 0.000055
1795 0.000005
1796 0.000003
1797 0.000000
1798 0.000001
1799 0.000022
1800 0.000153
1801 0.000001
1802 0.000000
1803 0.000046
1804 0.000044
1805 0.000002
1806 0.000308
1807 0.000019
1808 0.000078
1809 0.000012
1810 0.000010
1811 0.000004
1812 0.000004
1813 0.000101
1814 0.000001
1815 0.000001
1816 0.000013
1817 0.000027
1818 0.000006
1819 0.000009
1820 0.000011
1821 0.000000
1822 0.000001
1823 0.000017
1824 0.000007
1825 0.000196
1826 0.000007
1827 0.000084
1828 0.000031
1829 0.000002
1830 0.000003
1831 0.000028
1832 0.000002
1833 0.000040
1834 0.000000
1835 0.000821
1836 0.000051
1837 0.000007
1838 0.000000
1839 0.000031
1840 0.000001
1841 0.000002
1842 0.000013
1843 0.000010
1844 0.000047
1845 0.000030
1846 0.000138
1847 0.000543
1848 0.000001
1849 0.000008
1850 0.000008
1851 0.000011
1852 0.000075
1853 0.000000
1854 0.000000
1855 0.000001
1856 0.000000
1857 0.000008
1858 0.000013
1859 0.000006
1860 0.000009
1861 0.000037
1862 0.000004
1863 0.000175
1864 0.000023
1865 0.000000
1866 0.000126
1867 0.000023
1868 0.000014
1869 0.000000
1870 0.000002
1871 0.000023
1872 0.000011
1873 0.000001
1874 0.000000
1875 0.000007
1876 0.000024
1877 0.000003
1878 0.000003
1879 0.000017
1880 0.000001
1881 0.000047
1882 0.000014
1883 0.000087
1884 0.000000
1885 0.000007
1886 0.000017
1887 0.000000
1888 0.000118
1889 0.000003
1890 0.000000
1891 0.000005
1892 0.000000
1893 0.000031
1894 0.000023
1895 0.000003
1896 0.000001
1897 0.000030
1898 0.000008
1899 0.000031
1900 0.000002
1901 0.000004
1902 0.000020
1903 0.000002
1904 0.000003
1905 0.000000
1906 0.000001
1907 0.000002
1908 0.000003
1909 0.000197
1910 0.000009
1911 0.000184
1926 0.000503
1932 0.000041
1939 0.000103
1945 0.000175
1951 0.000078
1955 0.000062
1972 0.000101
1973 0.000087
1976 0.000047
1991 0.000056
1995 0.000083
1998 0.000057
2001 0.000066
2004 0.000059
2007 0.001423
2009 0.000040
2018 0.000059
2024 0.000056
2027 0.000039
2032 0.000216
2038 0.000528
2039 0.000059
2042 0.000091
2054 0.000362
2068 0.000211
2071 0.000150
2072 0.000256
2081 0.000455
2102 0.000220
2111 0.000412
2116 0.000116
2117 0.000799
2127 0.000125
2128 0.000293
2133 0.001013
2135 0.000038
2138 0.000134
2143 0.000566
2153 0.000129
2157 0.000026
2171 0.000081
2174 0.000200
2180 0.000063
2183 0.000105
2187 0.000115
2189 0.001003
2199 0.000584
2203 0.000126
2223 0.000147
2224 0.000099
2225 0.000059
2247 0.000258
2250 0.000143
2254 0.000064
2264 0.000090
2267 0.000073
2268 0.000933
2279 0.000105
2283 0.000541
2284 0.000074
2289 0.001085
2292 0.000295
2302 0.000266
2319 0.000135
2327 0.000231
2336 0.000247
2337 0.000026
2364 0.000090
2378 0.000043
2384 0.000449
2398 0.000215
2417 0.000158
2436 0.000042
2445 0.000041
2447 0.000048
2451 0.000175
2458 0.000104
2459 0.000061
2461 0.000140
2463 0.000071
2471 0.000130
2472 0.000222
2475 0.000082
2491 0.000192
2494 0.000042
2498 0.000237
2502 0.000058
2508 0.000079
2510 0.000244
2511 0.000227
2529 0.000105
2533 0.000086
2538 0.000066
2543 0.007605
2547 0.000078
2571 0.000023
2583 0.000045
2589 0.000047
2598 0.000216
2617 0.000172
2629 0.000160
2635 0.000029
2636 0.000036
2640 0.000065
2643 0.000069
2647 0.000055
2649 0.000093
2653 0.000034
2660 0.000038
2704 0.000000
2740 0.000000
427 0.000075
464 0.000018
549 0.000038
351 0.000007
364 0.000000
393 0.000000
399 0.000000
441 0.000000
476 0.000000
501 0.000000
564 0.000007
349 0.000000
350 0.000078
352 0.000001
354 0.000002
355 0.000008
356 0.000000
357 0.000050
358 0.000000
359 0.000009
360 0.000216
361 0.000005
362 0.000001
365 0.000000
367 0.000023
368 0.000010
369 0.000071
370 0.000348
371 0.000000
372 0.000005
373 0.000858
374 0.000289
375 0.000001
377 0.000000
378 0.000111
379 0.000000
380 0.000000
381 0.000000
382 0.000000
383 0.000000
384 0.000000
385 0.000000
386 0.000000
387 0.000208
388 0.000119
390 0.000000
391 0.000412
392 0.000080
394 0.000017
395 0.000590
396 0.000006
397 0.000124
398 0.000006
400 0.000285
401 0.000000
402 0.000234
403 0.000001
404 0.000094
405 0.000082
406 0.000000
407 0.000028
408 0.000095
409 0.000005
410 0.000002
411 0.000000
412 0.000867
413 0.000002
415 0.000059
416 0.000078
417 0.000157
418 0.000002
419 0.000743
421 0.000022
422 0.000386
423 0.000222
424 0.000000
425 0.000003
426 0.000001
429 0.000000
430 0.000036
431 0.000214
432 0.000113
433 0.000016
434 0.000108
435 0.000023
436 0.000250
437 0.000001
438 0.000130
439 0.000151
440 0.000002
442 0.000001
443 0.000000
444 0.000054
445 0.000002
446 0.000005
447 0.000000
448 0.000000
449 0.000009
450 0.000002
451 0.000040
452 0.000112
453 0.000000
454 0.000000
455 0.000148
456 0.000320
457 0.000076
458 0.000005
459 0.000020
460 0.000621
461 0.000212
462 0.000005
463 0.000170
465 0.000334
466 0.000000
467 0.000000
468 0.000000
469 0.000070
470 0.000001
471 0.000045
472 0.000079
473 0.000052
474 0.000002
477 0.000001
478 0.000001
479 0.000052
480 0.000036
481 0.000011
482 0.000032
485 0.000000
486 0.000000
487 0.000006
488 0.000001
489 0.000003
490 0.000001
491 0.000000
492 0.000244
493 0.000029
494 0.000006
495 0.000001
496 0.000041
497 0.000565
498 0.000001
499 0.000000
500 0.000410
502 0.000000
503 0.000194
504 0.000189
505 0.000000
506 0.000121
507 0.000155
508 0.000062
509 0.000000
510 0.000063
511 0.000020
512 0.000035
513 0.000482
514 0.000076
515 0.000159
516 0.000075
518 0.000044
519 0.000002
520 0.000197
521 0.000001
522 0.000000
523 0.000043
524 0.000172
525 0.000385
527 0.000080
528 0.000004
529 0.000000
530 0.000000
531 0.000232
532 0.000001
533 0.000000
534 0.000022
535 0.000005
536 0.000001
537 0.000062
539 0.000010
540 0.000001
541 0.000014
542 0.000282
543 0.000014
544 0.000094
545 0.000066
546 0.000094
547 0.000007
548 0.000006
550 0.000000
551 0.000000
552 0.000000
553 0.000670
554 0.000075
555 0.000013
556 0.000089
557 0.000021
558 0.000029
559 0.000290
560 0.000010
561 0.000323
562 0.000000
565 0.000001
567 0.096310
568 0.000001
569 0.000002
570 0.000036
571 0.000000
572 0.000000
591 0.000111
656 0.000000
669 0.000020
604 0.000143
645 0.000135
646 0.000041
666 0.000004
683 0.000106
587 0.000000
590 0.000311
614 0.000010
634 0.000059
680 0.000010
586 0.000000
610 0.000002
652 0.000000
673 0.000000
676 0.000002
620 0.000009
574 0.000003
630 0.000055
678 0.000035
593 0.000000
609 0.000580
573 0.000003
575 0.000000
576 0.000000
577 0.000000
578 0.000000
579 0.000012
581 0.000000
582 0.000000
583 0.000000
584 0.000011
585 0.000000
588 0.000000
589 0.000007
592 0.000012
594 0.028803
595 0.000000
597 0.000002
598 0.000000
599 0.000000
600 0.000000
602 0.000000
603 0.000000
605 0.000000
607 0.000000
608 0.000000
611 0.000000
612 0.000000
613 0.000000
615 0.000000
616 0.000007
617 0.000005
618 0.000010
619 0.000003
621 0.000000
622 0.000001
623 0.000001
624 0.000000
625 0.000001
626 0.000000
627 0.000000
628 0.000000
631 0.000001
632 0.000000
633 0.000000
635 0.000003
636 0.000003
638 0.000000
639 0.000024
640 0.000000
642 0.000000
643 0.000000
644 0.000008
647 0.000001
648 0.000000
650 0.000000
653 0.000013
654 0.000012
655 0.000001
657 0.000000
658 0.000000
659 0.000000
660 0.000000
661 0.000000
662 0.000000
663 0.000002
664 0.000000
665 0.000000
667 0.000000
668 0.000000
670 0.000000
671 0.000000
672 0.000000
674 0.000000
675 0.000000
677 0.000008
679 0.000003
681 0.000000
682 0.000001
684 0.000001
685 0.000001
1967 0.000000
3437 0.236115
3454 0.000692
3487 0.000275
3723 0.000177
3861 0.000907
3961 0.000128
3980 0.024820
3989 0.000489
4011 0.000000
4031 0.001710
686 0.029722
687 0.000004
688 0.000014
689 0.000000
690 0.000000
691 0.000000
692 0.000000
693 0.000000
694 0.000015
695 0.000006
696 0.000002
697 0.001965
698 0.115330
699 0.000000
700 0.000000
701 0.000001
702 0.000000
703 0.002280
704 0.000000
705 0.000035
706 0.000000
707 0.000001
708 0.000611
709 0.000000
710 0.000000
711 0.000001
712 0.000001
713 0.005014
714 0.000001
715 0.000000
716 0.000001
717 0.000000
718 0.000004
719 0.003283
720 0.000002
721 0.000000
722 0.000001
723 0.000000
724 0.000012
725 0.000000
726 0.000003
727 0.000003
728 0.000009
729 0.000018
730 0.000001
731 0.000001
732 0.000001
733 0.000000
734 0.000004
735 0.000000
736 0.000002
737 0.000001
738 0.000002
739 0.000005
740 0.000001
741 0.000001
742 0.000001
743 0.000000
744 0.000000
745 0.003636
746 0.000000
747 0.002715
748 0.000001
749 0.000000
750 0.000000
751 0.000000
752 0.000003
753 0.000007
754 0.000003
755 0.000001
756 0.000000
757 0.000000
758 0.000001
759 0.000000
760 0.000001
761 0.000000
762 0.000000
763 0.000002
764 0.000002
765 0.000001
766 0.000004
767 0.000000
768 0.000002
769 0.000099
770 0.000007
771 0.000003
772 0.000472
773 0.000004
774 0.000987
775 0.000000
776 0.000032
777 0.000002
778 0.000001
779 0.000001
780 0.000003
781 0.000013
782 0.000004
783 0.000001
784 0.000008
785 0.000000
786 0.000000
787 0.000003
788 0.000000
789 0.000001
790 0.000000
791 0.000000
792 0.000002
793 0.000002
794 0.000000
795 0.000002
796 0.000000
797 0.000003
798 0.000742
799 0.000001
800 0.001068
801 0.000000
802 0.000000
803 0.001267
804 0.000362
805 0.003052
806 0.000002
807 0.000001
808 0.000000
809 0.000000
810 0.001087
811 0.000003
812 0.000000
813 0.000001
814 0.000002
815 0.000007
816 0.000000
817 0.000002
818 0.000003
819 0.001010
820 0.000008
821 0.000000
822 0.000002
823 0.001885
824 0.000016
825 0.000009
826 0.000000
827 0.000009
828 0.003963
829 0.000009
830 0.002371
831 0.000001
832 0.000000
833 0.000003
834 0.000004
835 0.000001
836 0.000001
837 0.000001
838 0.000001
839 0.000001
840 0.000634
841 0.000000
842 0.000004
843 0.000000
844 0.000000
845 0.000002
846 0.000000
847 0.000001
848 0.000003
849 0.000007
850 0.000001
851 0.000000
852 0.000000
853 0.000006
854 0.000000
855 0.000000
856 0.000500
890 0.000000
857 0.000369
858 0.000000
859 0.000000
860 0.057826
861 0.000000
862 0.011748
863 0.000000
864 0.000000
865 0.000000
866 0.000000
867 0.000000
868 0.000000
869 0.000000
870 0.000000
871 0.000001
872 0.000000
873 0.000000
874 0.000000
875 0.000000
876 0.000000
877 0.000000
878 0.000000
879 0.000000
880 0.000000
881 0.000000
882 0.000000
883 0.000000
884 0.000000
885 0.000001
886 0.000000
887 0.000000
888 0.000000
889 0.000001
891 0.000000
892 0.000000
893 0.000000
894 0.000000
895 0.000000
3456 0.001163
3495 0.001354
3586 0.000013
3621 0.000002
3626 0.000001
3797 0.000488
3501 0.000610
3517 0.000001
3550 0.000439
3577 0.000761
3592 0.000746
3609 0.000127
3633 0.001306
3677 0.001141
3684 0.001585
3721 0.000444
3779 0.000005
3872 0.000434
3948 0.001152
2678 0.000000
2760 0.000003
2822 0.000008
2883 0.000030
2941 0.000002
2968 0.000020
3005 0.000040
3057 0.000007
3136 0.000045
3164 0.000003
3222 0.000014
3245 0.000019
3248 0.000097
3263 0.000296
3278 0.000019
3328 0.000006
3361 0.000013
3440 0.000588
3525 0.000734
3540 0.000487
3556 0.000370
3561 0.001326
3651 0.000434
3674 0.000794
3692 0.000358
3741 0.000162
3750 0.000464
3756 0.001857
3830 0.006437
3851 0.001186
3877 0.001647
3886 0.000420
3943 0.000292
3962 0.000537
2677 0.000022
2826 0.000010
2724 0.000081
2752 0.000004
2775 0.000009
2869 0.000258
2892 0.000016
2962 0.000013
3001 0.000022
3019 0.000108
3100 0.000093
3162 0.000046
3168 0.000051
3233 0.000058
3295 0.000028
3304 0.000045
3331 0.000041
3366 0.000054
3404 0.000017
3406 0.000092
3412 0.000027
2813 0.000026
2971 0.000000
3034 0.000034
3178 0.000017
3410 0.000005
3420 0.000010
2976 0.000033
3011 0.000040
3179 0.000046
3289 0.000039
1920 0.000040
1941 0.001727
1948 0.000061
1959 0.000106
2028 0.000013
2047 0.001476
2053 0.000053
2065 0.000040
2087 0.000160
2125 0.000049
2132 0.000215
2134 0.000029
2148 0.000038
2149 0.000064
2169 0.000030
2191 0.000018
2194 0.000043
2196 0.000012
2198 0.000011
2239 0.000032
2266 0.001708
2282 0.000206
2285 0.000013
2293 0.000012
2315 0.000006
2328 0.000344
2332 0.000033
2333 0.000311
2338 0.000009
2347 0.003200
2351 0.000025
2368 0.000154
2372 0.000034
2385 0.000068
2399 0.000150
2420 0.000008
2496 0.000000
2501 0.000141
2509 0.000201
2512 0.000441
2516 0.000018
2530 0.000021
2542 0.001357
2555 0.000060
2567 0.000057
2592 0.000072
2597 0.000067
2608 0.000076
2642 0.000548
2725 0.000004
2734 0.000023
2764 0.000038
2964 0.000017
3020 0.000119
3062 0.000022
3079 0.000021
3165 0.000001
3205 0.000012
3258 0.000138
3386 0.000037
3409 0.000010
2693 0.000033
2979 0.000034
3101 0.000357
3265 0.000114
3385 0.000166
1913 0.000014
1916 0.000052
1940 0.000015
1947 0.000122
1954 0.000681
1994 0.000005
2002 0.000024
2010 0.000003
2026 0.000150
2052 0.000027
2062 0.000095
2101 0.000055
2137 0.000033
2144 0.000043
2151 0.000017
2163 0.000026
2176 0.000358
2215 0.000021
2241 0.000033
2246 0.000041
2273 0.000010
2294 0.000105
2295 0.000004
2298 0.000021
2343 0.000038
2344 0.000137
2355 0.000029
2377 0.000032
2389 0.000097
2394 0.000107
2413 0.000019
2419 0.000222
2465 0.000005
2468 0.001213
2519 0.000002
2544 0.000016
2582 0.000014
2588 0.000060
2594 0.000096
2605 0.000013
2609 0.000000
2616 0.000097
2903 0.000001
2938 0.000009
2999 0.000020
3201 0.000051
3319 0.000012
3355 0.000019
3097 0.000036
2707 0.000027
3111 0.000147
3186 0.000055
2661 0.000028
2662 0.000010
2663 0.000004
2664 0.000009
2665 0.000021
2666 0.000005
2667 0.000004
2668 0.000015
2669 0.000018
2670 0.000001
2671 0.000000
2672 0.000004
2673 0.000002
2674 0.000009
2675 0.000008
2676 0.000012
2679 0.000019
2680 0.000004
2681 0.000003
2682 0.000001
2683 0.000022
2684 0.000002
2685 0.000001
2686 0.000003
2687 0.000000
2688 0.000002
2689 0.000006
2690 0.000013
2691 0.000000
2692 0.000000
2694 0.000024
2695 0.000000
2696 0.000004
2697 0.000002
2698 0.000005
2699 0.000000
2700 0.000004
2701 0.000000
2702 0.000005
2703 0.000000
2705 0.000001
2706 0.000011
2708 0.000002
2709 0.000002
2710 0.000001
2711 0.000011
2712 0.000005
2713 0.000007
2714 0.000000
2715 0.000010
2716 0.000063
2717 0.000001
2718 0.000013
2719 0.000032
2720 0.000009
2721 0.000000
2722 0.000000
2723 0.000001
2726 0.000001
2727 0.000002
2728 0.000008
2729 0.000020
2730 0.000099
2731 0.000002
2732 0.000000
2733 0.000001
2735 0.000005
2736 0.000000
2737 0.000003
2738 0.000035
2739 0.000009
2741 0.000009
2742 0.000047
2743 0.000005
2744 0.000003
2745 0.000007
2746 0.000000
2747 0.000001
2748 0.000035
2749 0.000005
2750 0.000009
2751 0.000010
2753 0.000006
2754 0.000058
2755 0.000010
2756 0.000003
2757 0.000011
2758 0.000019
2759 0.000007
2761 0.000002
2762 0.000004
2763 0.000011
2765 0.000002
2766 0.000001
2767 0.000000
2768 0.000007
2769 0.000001
2770 0.000001
2771 0.000001
2772 0.000016
2773 0.000005
2774 0.000000
2776 0.000000
2777 0.000011
2778 0.000037
2779 0.000000
2780 0.000037
2781 0.000028
2782 0.000018
2783 0.000009
2784 0.000009
2785 0.000016
2786 0.000023
2787 0.000021
2788 0.000000
2789 0.000002
2790 0.000001
2791 0.000002
2792 0.000000
2793 0.000031
2794 0.000000
2795 0.000007
2796 0.000008
2797 0.000002
2798 0.000000
2799 0.000000
2800 0.000010
2801 0.000000
2802 0.000000
2803 0.000006
2804 0.000001
2805 0.000001
2806 0.000012
2807 0.000004
2808 0.000000
2809 0.000002
2810 0.000011
2811 0.000000
2812 0.000010
2815 0.000003
2816 0.000000
2817 0.000000
2818 0.000004
2819 0.000005
2820 0.000002
2821 0.000001
2823 0.000002
2824 0.000000
2825 0.000012
2827 0.000008
2828 0.000010
2829 0.000002
2830 0.000002
2831 0.000002
2832 0.000009
2833 0.000014
2834 0.000000
2835 0.000002
2836 0.000013
2837 0.000001
2839 0.000058
2840 0.000006
2841 0.000014
2842 0.000000
2843 0.000003
2844 0.000007
2845 0.000003
2846 0.000001
2847 0.000002
2848 0.000006
2849 0.000010
2850 0.000001
2851 0.000002
2852 0.000000
2853 0.000005
2854 0.000006
2855 0.000000
2856 0.000003
2857 0.000000
2858 0.000003
2859 0.000003
2860 0.000000
2861 0.000001
2862 0.000006
2863 0.000094
2864 0.000008
2865 0.000015
2866 0.000010
2867 0.000011
2868 0.000005
2870 0.000004
2871 0.000012
2872 0.000007
2873 0.000009
2874 0.000004
2875 0.000010
2876 0.000001
2877 0.000025
2878 0.000001
2879 0.000000
2880 0.000006
2881 0.000023
2882 0.000001
2884 0.000000
2886 0.000000
2887 0.000003
2888 0.000001
2889 0.000003
2890 0.000021
2891 0.000001
2893 0.000001
2894 0.000018
2895 0.000001
2896 0.000005
2897 0.000003
2898 0.000000
2899 0.000000
2900 0.000000
2901 0.000038
2902 0.000000
2904 0.000041
2905 0.000007
2906 0.000011
2907 0.000001
2908 0.000000
2909 0.000014
2910 0.000012
2911 0.000004
2912 0.000003
2913 0.000015
2914 0.000013
2915 0.000023
2916 0.000010
2917 0.000000
2918 0.000001
2919 0.000010
2920 0.000012
2921 0.000014
2922 0.000000
2923 0.000004
2924 0.000004
2925 0.000011
2926 0.000000
2927 0.000017
2928 0.000019
2929 0.000003
2930 0.000000
2931 0.000007
2932 0.000009
2933 0.000001
2934 0.000004
2935 0.000001
2936 0.000016
2937 0.000010
2939 0.000007
2940 0.000005
2942 0.000001
2943 0.000015
2944 0.000034
2945 0.000005
2946 0.000046
2947 0.000000
2948 0.000001
2949 0.000004
2950 0.000017
2951 0.000114
2952 0.000000
2953 0.000001
2954 0.000002
2955 0.000014
2956 0.000016
2957 0.000002
2958 0.000019
2959 0.000000
2960 0.000015
2961 0.000001
2963 0.000000
2965 0.000002
2966 0.000027
2967 0.000001
2969 0.000007
2970 0.000001
2972 0.000000
2973 0.000013
2974 0.000003
2975 0.000000
2977 0.000001
2978 0.000004
2980 0.000000
2981 0.000002
2982 0.000000
2983 0.000001
2984 0.000004
2985 0.000002
2986 0.000015
2987 0.000001
2988 0.000007
2989 0.000014
2990 0.000000
2991 0.000004
2992 0.000021
2993 0.000005
2994 0.000008
2995 0.000002
2996 0.000014
2997 0.000002
2998 0.000000
3000 0.000016
3002 0.000052
3004 0.000003
3006 0.000000
3007 0.000004
3008 0.000000
3009 0.000003
3010 0.000008
3012 0.000000
3013 0.000001
3014 0.000002
3015 0.000001
3016 0.000006
3017 0.000032
3018 0.000007
3021 0.000002
3022 0.000008
3023 0.000002
3024 0.000002
3025 0.000010
3026 0.000026
3027 0.000038
3028 0.000001
3029 0.000003
3030 0.000000
3031 0.000000
3032 0.000001
3033 0.000013
3035 0.000026
3036 0.000006
3037 0.000000
3038 0.000039
3039 0.000000
3040 0.000001
3041 0.000004
3042 0.000003
3043 0.000003
3044 0.000000
3045 0.000001
3046 0.000009
3047 0.000001
3048 0.000002
3049 0.000016
3050 0.000002
3051 0.000054
3052 0.000009
3053 0.000000
3054 0.000016
3055 0.000000
3056 0.000010
3058 0.000000
3059 0.000000
3060 0.000022
3061 0.000001
3063 0.000000
3064 0.000003
3065 0.000003
3066 0.000001
3067 0.000002
3068 0.000001
3069 0.000002
3070 0.000005
3071 0.000000
3072 0.000031
3073 0.000008
3074 0.000000
3075 0.000005
3076 0.000034
3077 0.000038
3078 0.000016
3080 0.000005
3081 0.000009
3082 0.000047
3083 0.000000
3084 0.000026
3085 0.000004
3086 0.000007
3087 0.000023
3088 0.000001
3089 0.000016
3090 0.000064
3091 0.000000
3092 0.000000
3093 0.000001
3094 0.000000
3095 0.000002
3096 0.000006
3098 0.000006
3099 0.000000
3102 0.000001
3103 0.000002
3104 0.000025
3105 0.000002
3106 0.000007
3107 0.000032
3108 0.000002
3109 0.000001
3110 0.000002
3112 0.000000
3113 0.000016
3114 0.000009
3115 0.000013
3116 0.000038
3117 0.000047
3118 0.000014
3119 0.000013
3120 0.000008
3121 0.000000
3122 0.000000
3123 0.000002
3124 0.000011
3125 0.000000
3126 0.000000
3127 0.000000
3128 0.000000
3129 0.000004
3130 0.000001
3131 0.000000
3132 0.000011
3133 0.000000
3134 0.000000
3135 0.000002
3137 0.000013
3138 0.000003
3139 0.000002
3140 0.000050
3141 0.000001
3142 0.000003
3143 0.000000
3144 0.000003
3145 0.000017
3146 0.000010
3147 0.000000
3148 0.000006
3149 0.000006
3150 0.000036
3151 0.000001
3152 0.000035
3153 0.000001
3154 0.000085
3155 0.000001
3156 0.000001
3157 0.000003
3158 0.000005
3159 0.000000
3160 0.000004
3161 0.000000
3163 0.000001
3166 0.000003
3167 0.000001
3169 0.000003
3170 0.000002
3171 0.000004
3172 0.000015
3174 0.000006
3175 0.000000
3176 0.000005
3177 0.000014
3180 0.000000
3181 0.000000
3182 0.000014
3183 0.000000
3184 0.000009
3185 0.000034
3187 0.000008
3188 0.000013
3189 0.000002
3190 0.000001
3191 0.000011
3192 0.000001
3193 0.000003
3194 0.000001
3195 0.000008
3196 0.000013
3197 0.000000
3198 0.000050
3199 0.000003
3200 0.000001
3202 0.000000
3203 0.000008
3204 0.000010
3206 0.000004
3207 0.000007
3208 0.000003
3209 0.000001
3210 0.000001
3211 0.000009
3212 0.000005
3213 0.000004
3214 0.000049
3215 0.000006
3216 0.000000
3217 0.000000
3218 0.000000
3219 0.000009
3220 0.000004
3221 0.000008
3223 0.000004
3224 0.000012
3225 0.000005
3226 0.000009
3227 0.000000
3228 0.000002
3229 0.000001
3230 0.000000
3231 0.000005
3232 0.000023
3234 0.000003
3235 0.000000
3236 0.000003
3237 0.000003
3238 0.000002
3239 0.000004
3240 0.000020
3241 0.000001
3242 0.000003
3243 0.000000
3244 0.000001
3246 0.000001
3247 0.000004
3249 0.000001
3250 0.000000
3251 0.000000
3252 0.000014
3253 0.000023
3254 0.000002
3255 0.000009
3256 0.000049
3257 0.000004
3259 0.000009
3260 0.000004
3261 0.000010
3262 0.000000
3264 0.000003
3266 0.000000
3267 0.000016
3268 0.000000
3269 0.000001
3270 0.000000
3271 0.000000
3272 0.000011
3273 0.000004
3274 0.000039
3275 0.000012
3276 0.000004
3277 0.000014
3279 0.000009
3280 0.000063
3281 0.000000
3282 0.000000
3283 0.000000
3284 0.000004
3285 0.000003
3286 0.000002
3287 0.000013
3288 0.000011
3291 0.000078
3292 0.000002
3293 0.000006
3294 0.000003
3296 0.000012
3297 0.000004
3298 0.000010
3299 0.000020
3300 0.000002
3301 0.000003
3302 0.000062
3303 0.000008
3305 0.000000
3306 0.000003
3307 0.000004
3308 0.000000
3309 0.000001
3310 0.000000
3311 0.000000
3312 0.000001
3313 0.000008
3314 0.000000
3315 0.000000
3316 0.000003
3317 0.000000
3318 0.000001
3320 0.000062
3321 0.000022
3322 0.000000
3323 0.000000
3324 0.000032
3325 0.000001
3326 0.000003
3327 0.000036
3329 0.000004
3330 0.000050
3332 0.000009
3333 0.000000
3334 0.000000
3335 0.000023
3336 0.000000
3337 0.000003
3338 0.000000
3339 0.000007
3340 0.000003
3341 0.000010
3342 0.000038
3343 0.000003
3344 0.000013
3345 0.000022
3346 0.000011
3347 0.000019
3348 0.000010
3349 0.000001
3350 0.000030
3351 0.000015
3352 0.000000
3353 0.000028
3354 0.000000
3356 0.000001
3357 0.000001
3358 0.000001
3359 0.000002
3360 0.000038
3362 0.000015
3363 0.000053
3364 0.000003
3365 0.000022
3367 0.000000
3368 0.000000
3369 0.000015
3370 0.000000
3371 0.000000
3372 0.000000
3373 0.000003
3374 0.000003
3375 0.000000
3376 0.000000
3377 0.000004
3378 0.000010
3379 0.000002
3380 0.000003
3381 0.000004
3382 0.000000
3383 0.000003
3384 0.000003
3387 0.000018
3388 0.000000
3389 0.000000
3390 0.000002
3391 0.000002
3392 0.000001
3393 0.000004
3394 0.000006
3395 0.000010
3396 0.000024
3397 0.000079
3398 0.000000
3399 0.000001
3400 0.000005
3401 0.000000
3402 0.000001
3403 0.000020
3405 0.000002
3407 0.000000
3408 0.000000
3411 0.000026
3413 0.000000
3414 0.000000
3415 0.000008
3416 0.000003
3417 0.000015
3418 0.000001
3419 0.000010
3421 0.000002
3422 0.000007
3423 0.000000
3424 0.000000
3425 0.000001
3426 0.000053
3427 0.000000
3428 0.000000
3429 0.000000
3430 0.000002
3431 0.000007
3432 0.000002
3433 0.000006
3434 0.000034
3435 0.000003
3436 0.000000
2003 0.000078
2031 0.000238
2155 0.000095
2185 0.000015
2325 0.000275
2330 0.000019
1914 0.000002
1915 0.000000
1917 0.000008
1918 0.000005
1919 0.000005
1921 0.000004
1922 0.000001
1923 0.000013
1924 0.000000
1925 0.000006
1927 0.000003
1928 0.000000
1929 0.000003
1930 0.000001
1931 0.000001
1933 0.000000
1934 0.000001
1935 0.000003
1936 0.000003
1937 0.000000
1938 0.000007
1942 0.000003
1943 0.000011
1944 0.000002
1946 0.000007
1949 0.000000
1950 0.000000
1952 0.000001
1953 0.000001
1956 0.000001
1957 0.000001
1958 0.000001
1960 0.000010
1961 0.000000
1962 0.000007
1963 0.000001
1964 0.000108
1965 0.000002
1966 0.000021
1968 0.000002
1969 0.000000
1970 0.000018
1971 0.000007
1974 0.000000
1975 0.000010
1977 0.000000
1978 0.000000
1979 0.000007
1980 0.000005
1981 0.000001
1982 0.000005
1983 0.000026
1984 0.000009
1985 0.000132
1986 0.000007
1987 0.000002
1988 0.000004
1989 0.000001
1990 0.000002
1992 0.000000
1993 0.000018
1996 0.000000
1997 0.000002
1999 0.000001
2000 0.000001
2005 0.000003
2006 0.000003
2008 0.000000
2011 0.000001
2012 0.000000
2013 0.000000
2014 0.000000
2015 0.000000
2016 0.000000
2017 0.000001
2019 0.000000
2020 0.000003
2021 0.000000
2022 0.000003
2023 0.000003
2025 0.000000
2029 0.000007
2030 0.000007
2033 0.000005
2034 0.000001
2035 0.000003
2036 0.000001
2037 0.000029
2040 0.000017
2041 0.000001
2043 0.000005
2044 0.000001
2045 0.000005
2046 0.000001
2048 0.000002
2049 0.000009
2050 0.000000
2051 0.000000
2055 0.000002
2056 0.000020
2057 0.000003
2058 0.000007
2059 0.000006
2060 0.000024
2061 0.000003
2063 0.000007
2064 0.000008
2066 0.000000
2067 0.000002
2069 0.000016
2070 0.000000
2073 0.000009
2074 0.000003
2075 0.000003
2076 0.000001
2077 0.000001
2078 0.000013
2079 0.000000
2080 0.000000
2082 0.000002
2083 0.000003
2084 0.000022
2085 0.000008
2086 0.000002
2088 0.000011
2089 0.000001
2090 0.000006
2091 0.000006
2092 0.000006
2093 0.000016
2094 0.000000
2095 0.000010
2096 0.000001
2097 0.000001
2098 0.000001
2099 0.000002
2100 0.000000
2103 0.000010
2104 0.000005
2105 0.000000
2106 0.000000
2107 0.000014
2108 0.000003
2109 0.000002
2110 0.000002
2112 0.000005
2113 0.000000
2114 0.000002
2115 0.000003
2118 0.000007
2119 0.000001
2120 0.000004
2121 0.000006
2122 0.000002
2123 0.000011
2124 0.000004
2126 0.000031
2129 0.000010
2130 0.000000
2131 0.000017
2136 0.000001
2139 0.000005
2140 0.000005
2141 0.000000
2142 0.000090
2145 0.000016
2146 0.000004
2147 0.000004
2150 0.000016
2152 0.000004
2154 0.000007
2156 0.000008
2158 0.000000
2159 0.000002
2160 0.000004
2161 0.000008
2162 0.000001
2164 0.000002
2165 0.000004
2166 0.000000
2167 0.000000
2168 0.000000
2170 0.000001
2172 0.000011
2173 0.000008
2175 0.000000
2177 0.000000
2178 0.000000
2179 0.000001
2181 0.000002
2182 0.000000
2184 0.000010
2186 0.000001
2188 0.000009
2190 0.000004
2192 0.000002
2193 0.000001
2195 0.000000
2197 0.000002
2200 0.000007
2201 0.000006
2202 0.000003
2204 0.000000
2205 0.000000
2206 0.000012
2207 0.000004
2208 0.000001
2209 0.000002
2210 0.000015
2211 0.000013
2212 0.000002
2213 0.000001
2214 0.000005
2216 0.000003
2217 0.000001
2218 0.000015
2219 0.000000
2220 0.000007
2221 0.000005
2222 0.000007
2226 0.000014
2227 0.000000
2228 0.000006
2229 0.000035
2230 0.000000
2231 0.000008
2232 0.000024
2233 0.000114
2234 0.000001
2235 0.000018
2236 0.000009
2237 0.000002
2238 0.000001
2240 0.000012
2242 0.000011
2243 0.000005
2244 0.000009
2245 0.000000
2248 0.000001
2249 0.000001
2251 0.000001
2252 0.000000
2253 0.000004
2255 0.000001
2256 0.000000
2257 0.000004
2258 0.000001
2259 0.000015
2260 0.000003
2261 0.000002
2262 0.000001
2263 0.000000
2265 0.000000
2269 0.000000
2270 0.000000
2271 0.000007
2272 0.000003
2274 0.000001
2275 0.000006
2276 0.000004
2277 0.000002
2278 0.000041
2280 0.000004
2281 0.000000
2286 0.000002
2287 0.000004
2288 0.000004
2290 0.000005
2291 0.000001
2296 0.000005
2297 0.000002
2299 0.000004
2300 0.000018
2301 0.000001
2303 0.000001
2304 0.000007
2305 0.000000
2306 0.000001
2307 0.000002
2308 0.000003
2309 0.000026
2310 0.000001
2311 0.000001
2312 0.000000
2313 0.000134
2314 0.000001
2316 0.000001
2317 0.000010
2318 0.000006
2320 0.000000
2321 0.000001
2322 0.000018
2323 0.000006
2324 0.000051
2326 0.000006
2329 0.000006
2331 0.000010
2334 0.000015
2335 0.000007
2339 0.000010
2340 0.000009
2341 0.000007
2342 0.000006
2345 0.000017
2346 0.000001
2348 0.000007
2349 0.000001
2350 0.000005
2352 0.000004
2353 0.000001
2354 0.000005
2356 0.000003
2357 0.000002
2358 0.000000
2359 0.000002
2360 0.000001
2361 0.000015
2362 0.000000
2363 0.000004
2365 0.000004
2366 0.000005
2367 0.000007
2369 0.000010
2370 0.000003
2371 0.000006
2373 0.000001
2374 0.000003
2375 0.000000
2376 0.000016
2379 0.000003
2380 0.000000
2381 0.000006
2382 0.000000
2383 0.000001
2386 0.000003
2387 0.000008
2388 0.000000
2390 0.000001
2391 0.000010
2392 0.000007
2393 0.000002
2395 0.000019
2396 0.000007
2397 0.000009
2400 0.000000
2401 0.000004
2402 0.000001
2403 0.000001
2404 0.000011
2405 0.000003
2406 0.000005
2407 0.000001
2408 0.000003
2409 0.000008
2410 0.000021
2411 0.000007
2412 0.000009
2414 0.000008
2415 0.000001
2416 0.000003
2418 0.000001
2421 0.000001
2422 0.000000
2423 0.000004
2424 0.000000
2425 0.000007
2426 0.000002
2427 0.000001
2428 0.000014
2429 0.000012
2430 0.000005
2431 0.000000
2432 0.000002
2433 0.000008
2434 0.000013
2435 0.000000
2437 0.000000
2438 0.000009
2439 0.000000
2440 0.000005
2441 0.000000
2442 0.000000
2443 0.000007
2444 0.000000
2446 0.000004
2448 0.000006
2449 0.000005
2450 0.000001
2452 0.000000
2453 0.000002
2454 0.000001
2455 0.000002
2456 0.000001
2457 0.000000
2460 0.000005
2462 0.000013
2464 0.000008
2466 0.000000
2467 0.000002
2469 0.000002
2470 0.000000
2473 0.000006
2474 0.000005
2476 0.000002
2477 0.000001
2478 0.000019
2479 0.000000
2480 0.000003
2481 0.000000
2482 0.000005
2483 0.000000
2484 0.000002
2485 0.000003
2486 0.000001
2487 0.000000
2488 0.000007
2489 0.000002
2490 0.000001
2492 0.000005
2493 0.000000
2495 0.000003
2497 0.000003
2499 0.000011
2500 0.000006
2503 0.000000
2504 0.000004
2505 0.000000
2506 0.000008
2507 0.000013
2513 0.000000
2514 0.000000
2515 0.000001
2517 0.000000
2518 0.000007
2520 0.000007
2521 0.000005
2522 0.000000
2523 0.000002
2524 0.000000
2525 0.000002
2526 0.000053
2527 0.000000
2528 0.000000
2531 0.000003
2532 0.000001
2534 0.000002
2535 0.000001
2536 0.000006
2537 0.000009
2539 0.000002
2540 0.000011
2541 0.000000
2545 0.000001
2546 0.000004
2548 0.000000
2549 0.000003
2550 0.000016
2551 0.000010
2552 0.000002
2553 0.000012
2554 0.000001
2556 0.000003
2557 0.000003
2558 0.000006
2559 0.000003
2560 0.000047
2561 0.000007
2562 0.000001
2563 0.000001
2564 0.000010
2565 0.000000
2566 0.000002
2568 0.000000
2569 0.000000
2570 0.000004
2572 0.000001
2573 0.000005
2574 0.000002
2575 0.000010
2576 0.000003
2577 0.000002
2578 0.000003
2579 0.000001
2580 0.000000
2581 0.000007
2584 0.000000
2585 0.000001
2586 0.000005
2587 0.000002
2590 0.000010
2591 0.000001
2593 0.000005
2595 0.000000
2596 0.000000
2599 0.000000
2600 0.000008
2601 0.000008
2602 0.000017
2603 0.000011
2604 0.000015
2606 0.000000
2607 0.000009
2610 0.000018
2611 0.000038
2612 0.000002
2613 0.000000
2614 0.000002
2615 0.000007
2618 0.000004
2619 0.000004
2620 0.000003
2621 0.000000
2622 0.000003
2623 0.000006
2624 0.000027
2625 0.000006
2626 0.000002
2627 0.000001
2628 0.000002
2630 0.000005
2631 0.000004
2632 0.000000
2633 0.000001
2634 0.000000
2637 0.000003
2638 0.000003
2639 0.000001
2641 0.000001
2644 0.000005
2645 0.000003
2646 0.000008
2648 0.000003
2650 0.000000
2651 0.000000
2652 0.000000
2654 0.000002
2655 0.000004
2656 0.000002
2657 0.000002
2658 0.000001
2659 0.000041
3438 0.000003
3439 0.000000
3441 0.000000
3442 0.000021
3443 0.000004
3444 0.000000
3445 0.000000
3446 0.000000
3447 0.000000
3448 0.000009
3449 0.000007
3450 0.000000
3451 0.000000
3452 0.000000
3453 0.000000
3455 0.000009
3457 0.000000
3458 0.000001
3459 0.000002
3460 0.000005
3461 0.000000
3462 0.000001
3463 0.000002
3464 0.000008
3465 0.000000
3466 0.000005
3467 0.000000
3468 0.000008
3469 0.000004
3470 0.000002
3471 0.000002
3472 0.000000
3473 0.000000
3474 0.000002
3475 0.000005
3476 0.000001
3477 0.000000
3478 0.000001
3479 0.000000
3480 0.000002
3481 0.000000
3482 0.000001
3483 0.000002
3484 0.000002
3485 0.000001
3486 0.000002
3488 0.000005
3489 0.000000
3490 0.000002
3491 0.000001
3492 0.000000
3493 0.000001
3494 0.000000
3496 0.000006
3497 0.000001
3498 0.000000
3499 0.000003
3500 0.000001
3502 0.000000
3503 0.000001
3504 0.000001
3505 0.000005
3506 0.000019
3507 0.000001
3508 0.000006
3509 0.000001
3510 0.000002
3511 0.000008
3512 0.000001
3513 0.000000
3514 0.000005
3515 0.000001
3516 0.000000
3518 0.000001
3519 0.000001
3520 0.000001
3521 0.000052
3522 0.000001
3523 0.000000
3524 0.000001
3526 0.000012
3527 0.000001
3528 0.000002
3529 0.000009
3530 0.000001
3531 0.000000
3532 0.000002
3533 0.000001
3534 0.000004
3535 0.000003
3536 0.000001
3537 0.000000
3538 0.000002
3539 0.000001
3541 0.000000
3542 0.000005
3543 0.000001
3544 0.000000
3545 0.000043
3546 0.000003
3547 0.000002
3548 0.000001
3549 0.000002
3551 0.000001
3552 0.000000
3553 0.000008
3554 0.000003
3555 0.000005
3557 0.000001
3558 0.000009
3559 0.000005
3560 0.000000
3562 0.000000
3563 0.000002
3564 0.000002
3565 0.000000
3566 0.000001
3567 0.000000
3568 0.000012
3569 0.000001
3570 0.000000
3571 0.000001
3572 0.000000
3573 0.000003
3574 0.000000
3575 0.000000
3576 0.000007
3578 0.000001
3579 0.000000
3580 0.000000
3581 0.000000
3582 0.000000
3583 0.000001
3584 0.000024
3585 0.000000
3587 0.000000
3588 0.000000
3589 0.000000
3590 0.000004
3591 0.000000
3593 0.000017
3594 0.000000
3595 0.000000
3596 0.000051
3597 0.000000
3598 0.000000
3599 0.000003
3600 0.000001
3601 0.000003
3602 0.000002
3603 0.000000
3604 0.000068
3605 0.000006
3606 0.000000
3607 0.000000
3608 0.000001
3610 0.000004
3611 0.000015
3612 0.000006
3613 0.000000
3614 0.000001
3615 0.000003
3616 0.000001
3617 0.000012
3618 0.000000
3619 0.000000
3620 0.000001
3622 0.000000
3623 0.000001
3624 0.000001
3625 0.000007
3627 0.000000
3628 0.000005
3629 0.000007
3630 0.000000
3631 0.000000
3632 0.000000
3634 0.000001
3635 0.000002
3636 0.000001
3637 0.000000
3638 0.000001
3639 0.000000
3640 0.000005
3641 0.000000
3642 0.000003
3643 0.000002
3644 0.000000
3645 0.000003
3646 0.000000
3647 0.000000
3648 0.000003
3649 0.000000
3650 0.000000
3652 0.000000
3653 0.000000
3654 0.000000
3655 0.000000
3656 0.000001
3657 0.000000
3658 0.000001
3659 0.000001
3660 0.000000
3661 0.000000
3662 0.000003
3663 0.000000
3664 0.000001
3665 0.000000
3666 0.000000
3667 0.000002
3668 0.000000
3669 0.000000
3670 0.000001
3671 0.000001
3672 0.000021
3673 0.000000
3675 0.000000
3676 0.000000
3678 0.000000
3679 0.000002
3680 0.000023
3681 0.000000
3682 0.000001
3683 0.000001
3685 0.000000
3686 0.000000
3687 0.000001
3688 0.000000
3689 0.000000
3690 0.000009
3691 0.000000
3693 0.000004
3694 0.000000
3695 0.000000
3696 0.000000
3697 0.000001
3698 0.000001
3699 0.000000
3700 0.000000
3701 0.000001
3702 0.000004
3703 0.000001
3704 0.000000
3705 0.000025
3706 0.000002
3707 0.000002
3708 0.000000
3709 0.000000
3710 0.000001
3711 0.000003
3712 0.000000
3713 0.000001
3714 0.000003
3715 0.000000
3716 0.000000
3717 0.000000
3718 0.000002
3719 0.000004
3720 0.000001
3722 0.000007
3724 0.000000
3725 0.000001
3726 0.000001
3727 0.000000
3728 0.000002
3729 0.000000
3730 0.000001
3731 0.000005
3732 0.000000
3733 0.000000
3734 0.000008
3735 0.000000
3736 0.000000
3737 0.000008
3738 0.000007
3739 0.000000
3740 0.000002
3742 0.000000
3743 0.000001
3744 0.000000
3745 0.000000
3746 0.000000
3747 0.000004
3748 0.000000
3749 0.000000
3751 0.000000
3752 0.000001
3753 0.000001
3754 0.000000
3755 0.000000
3757 0.000000
3758 0.000017
3759 0.000002
3760 0.000002
3761 0.000001
3762 0.000001
3763 0.000001
3764 0.000010
3765 0.000000
3766 0.000000
3767 0.000001
3768 0.000003
3769 0.000000
3770 0.000001
3771 0.000001
3772 0.000000
3773 0.000000
3774 0.000001
3775 0.000001
3776 0.000001
3777 0.000000
3778 0.000000
3780 0.000002
3781 0.000000
3782 0.000008
3783 0.000000
3784 0.000001
3785 0.000001
3786 0.000002
3787 0.000000
3788 0.000000
3789 0.000000
3790 0.000006
3791 0.000004
3792 0.000001
3793 0.000020
3794 0.000006
3795 0.000000
3796 0.000001
3798 0.000000
3799 0.000002
3800 0.000009
3801 0.000000
3802 0.000001
3803 0.000005
3804 0.000007
3805 0.000000
3806 0.000000
3807 0.000000
3808 0.000000
3809 0.000002
3810 0.000007
3811 0.000000
3812 0.000000
3813 0.000000
3814 0.000000
3815 0.000000
3816 0.000000
3817 0.000001
3818 0.000001
3819 0.000000
3820 0.000000
3821 0.000007
3822 0.000003
3823 0.000003
3824 0.000008
3825 0.000010
3826 0.000004
3827 0.000000
3828 0.000002
3829 0.000014
3831 0.000004
3832 0.000001
3833 0.000003
3834 0.000000
3835 0.000001
3836 0.000005
3837 0.000000
3838 0.000020
3839 0.000000
3840 0.000000
3841 0.000003
3842 0.000009
3843 0.000000
3844 0.000000
3845 0.000001
3846 0.000000
3847 0.000002
3848 0.000000
3849 0.000000
3850 0.000001
3852 0.000002
3853 0.000000
3854 0.000000
3855 0.000001
3856 0.000000
3857 0.000000
3858 0.000002
3859 0.000000
3860 0.000002
3862 0.000001
3863 0.000000
3864 0.000000
3865 0.000000
3866 0.000001
3867 0.000002
3868 0.000000
3869 0.000009
3870 0.000004
3871 0.000000
3873 0.000005
3874 0.000000
3875 0.000000
3876 0.000000
3878 0.000001
3879 0.000000
3880 0.000001
3881 0.000003
3882 0.000000
3883 0.000000
3884 0.000003
3885 0.000000
3887 0.000000
3888 0.000001
3889 0.000000
3890 0.000000
3891 0.000005
3892 0.000000
3893 0.000000
3894 0.000000
3895 0.000002
3896 0.000001
3897 0.000000
3898 0.000001
3899 0.000000
3900 0.000007
3901 0.000001
3902 0.000009
3903 0.000001
3904 0.000001
3905 0.000000
3906 0.000014
3907 0.000003
3908 0.000000
3909 0.000003
3910 0.000000
3911 0.000000
3912 0.000000
3913 0.000000
3914 0.000001
3915 0.000002
3916 0.000000
3917 0.000000
3918 0.000021
3919 0.000000
3920 0.000000
3921 0.000003
3922 0.000000
3923 0.000000
3924 0.000006
3925 0.000000
3926 0.000007
3927 0.000007
3928 0.000000
3929 0.000001
3930 0.000020
3931 0.000005
3932 0.000000
3933 0.000003
3934 0.000000
3935 0.000000
3936 0.000000
3937 0.000001
3938 0.000038
3939 0.000000
3940 0.000000
3941 0.000001
3942 0.000000
3944 0.000001
3945 0.000009
3946 0.000000
3947 0.000005
3949 0.000002
3950 0.000004
3951 0.000004
3952 0.000000
3953 0.000000
3954 0.000000
3955 0.000000
3956 0.000005
3957 0.000001
3958 0.000001
3959 0.000000
3960 0.000001
3963 0.000000
3964 0.000002
3965 0.000000
3966 0.000010
3967 0.000002
3968 0.000010
3969 0.000001
3970 0.000000
3971 0.000011
3972 0.000000
3973 0.000000
3974 0.000000
3975 0.000000
3976 0.000000
3977 0.000000
3978 0.000000
3979 0.000001
3981 0.000000
3982 0.000002
3983 0.000000
3984 0.000000
3985 0.000000
3986 0.000000
3987 0.000000
3988 0.000000
3990 0.000000
3991 0.000000
3992 0.000000
3993 0.000000
3994 0.000001
3995 0.000001
3996 0.000000
3997 0.000000
3998 0.000002
3999 0.000000
4000 0.000001
4001 0.000000
4002 0.000000
4003 0.000000
4004 0.000001
4005 0.000000
4006 0.000000
4007 0.000000
4008 0.000000
4009 0.000000
4010 0.000000
4012 0.000000
4013 0.000000
4014 0.000001
4015 0.000000
4016 0.000000
4017 0.000001
4018 0.000000
4019 0.000000
4020 0.000001
4021 0.000001
4022 0.000000
4023 0.000004
4024 0.000000
4025 0.000000
4026 0.000000
4027 0.000001
4028 0.000000
4029 0.000000
4030 0.000005
4032 0.000000
4033 0.000000
4034 0.000000
4035 0.000000
4036 0.000000
4037 0.000000
4038 0.000001
